000000101
000001001
000000000
000000011
000000011
000000000
000001111
000000001
000000000
000010001
000000101
000000010
000000101
000000101
000000011
000000110
000010011
000000101
000000010
000000101
000000101
000000011
000000110
000010101
000000101
000000010
000000101
000000101
000000011
000000110
000010111
000000101
000000010
000000101
000000101
000000011
000000110
000000011
000000001
000000000
000000011
000010001
000000001
000011110
000000101
000010000
000000011
111111111
000000000
000010001
000010001
000000011
000001010
000010011
000010011
000000011
000001010
000000011
000000011
000000000
000010011
000010011
000000011
000100010
000010001
000010001
000011111
000100010
000001111
000001111
000000011
000001010
000000111
000010011
000000001
000011110
000001001
000010000
000000011
111111111
000000000
000010101
000010101
000000011
000001010
000010111
000010111
000000011
000001010
000000011
000000011
000000000
000010011
000010011
000000011
000100010
000010001
000010001
000011111
000100010
000001111
000001111
000000011
000001010
000011001
000000001
000000000
000011011
000000001
000000000
000000001
000000001
000000000
000000111
000000001
000000000
000000011
000000011
000000000
000011101
000010011
000000011
000001110
000001101
000011101
000000011
000010010
000001111
000010000
000000011
000000011
000000000
000010001
000000001
000000011
000010010
000010111
000010000
000000011
000000011
000000000
000011101
000000001
000000011
000010010
000010001
000010000
000000011
000000011
000000000
000001001
000011001
000000011
000001110
000001011
000011011
000000011
000001110
000001101
000010001
000000011
000001110
000011001
000011001
000011010
000011011
000011011
000011010
000010001
000010001
000011010
000010011
000010011
000011010
000000011
000000001
000000000
000001111
100000001
000000000
000010011
000001001
000000011
000010010
000011011
000011011
000001111
000100010
000000011
000000001
000000000
000010101
000001011
000000011
000010010
000010001
000010001
000001111
000100010
000000011
000000001
000000000
000100011
000001101
000000011
000010010
000010011
000010011
000001111
000100010
000100011
000010000
000011011
000011011
000010111
000011100
000011001
000011001
000011111
000011100
000011001
000011001
000010101
000011100
000000011
000000011
000000000
000001001
000011001
000000011
000001110
000001011
000011011
000000011
000001110
000001101
000010001
000000011
000001110
000011001
000011001
000011010
000011011
000011011
000011010
000010001
000010001
000011010
000010011
000010011
000011010
000000011
000000001
000000000
000001111
100000001
000000000
000011001
000001001
000000011
000010010
000011011
000011011
000001111
000100010
000000011
000000001
000000000
000011011
000001011
000000011
000010010
000010001
000010001
000001111
000100010
000000011
000000001
000000000
000100011
000001101
000000011
000010010
000010011
000010011
000001111
000100010
000100011
000010000
000011011
000011011
000010111
000100010
000011001
000011001
000011111
000100010
000011001
000011001
000010101
000100010
000000011
000000011
000000000
000001001
000011001
000000011
000001110
000001011
000011011
000000011
000001110
000001101
000010001
000000011
000001110
000011001
000011001
000011010
000011011
000011011
000011010
000010001
000010001
000011010
000010011
000010011
000011010
000000011
000000001
000000000
000001111
100000001
000000000
000011111
000001001
000000011
000010010
000011011
000011011
000001111
000100010
000000011
000000001
000000000
000100001
000001011
000000011
000010010
000010001
000010001
000001111
000100010
000000011
000000001
000000000
000100011
000001101
000000011
000010010
000010011
000010011
000001111
000100010
000100011
000010000
000000011
000000001
000000000
000000001
000011101
000000011
000000110
000000011
000000011
000000000
000000111
000000111
000000011
000000110
000011101
000100001
000000000
000001011
000000111
000011101
000010100
000000011
000000001
000000000
000100101
000001111
000000011
000010010
000000011
111111111
000000000
000011001
000011001
000000011
000001010
000011011
000011011
000000011
000001010
000010001
000010001
000000011
000001010
000010011
000010011
000000011
000001010
000000011
000000011
000000000
000001111
000000001
000000000
000010011
000010011
000000011
000100010
000100101
000011111
000001111
000010010
000010001
000010001
000000011
000100010
000100101
000011111
000001111
000010010
000011011
000011011
000000011
000100010
000100101
000011111
000001111
000010010
000011001
000011001
000000011
000100010
000011101
001111001
000000000
000011101
000011101
000000101
000100010
000000001
000011101
000011001
000000100
000011101
001111011
000000000
000011101
000011101
000000101
000100010
000000001
000011101
000011011
000000100
000011101
001111101
000000000
000011101
000011101
000000101
000100010
000000001
000011101
000010001
000000100
000011101
001111111
000000000
000011101
000011101
000000101
000100010
000000001
000011101
000010011
000000100
000011101
001111111
000000000