000000001
000000001
000000000
000001001
000000001
000000010
000000001
000000011
000000000
000001011
000000001
000000010
000000001
000000101
000000000
000001101
000000001
000000010
000000001
000000111
000000000
000001111
000000001
000000010
000000111
000001001
000001101
000011110
000001001
000001011
000001111
000100000
000000001
000001001
000000001
000100000
000000001
000001101
000000001
000100000
000000011
000010000
000000111
000001011
000001111
000010100
000001001
000001011
000001111
000010110
000000101
000010000
000000111
000001111
000001011
000010100
000001001
000001111
000001011
000010110
000010001
000000001
000000000
000010011
000000001
000000000
000001011
000010000
000010001
000001101
000001001
000011100
000010011
000001111
000001011
000011100
000010001
000010001
000011111
000011100
000001101
000010000
000010001
000001001
000001101
000011100
000010011
000001011
000001111
000011100
000010001
000010001
000011111
000011100