000000001
000000001
000000000
000000011
000000011
000000000
000000101
000000001
000000000
000001001
011111111
000000000
000001011
111111111
000000000
000001101
000000001
000000000
000001111
000000001
000000000
000010001
000000101
000000010
000000101
000000101
000000011
000100010
000010011
000000101
000000010
000000101
000000101
000000011
000100010
000000111
000000101
000000001
000100010
000010101
000000111
000000010
000000111
000000111
000000011
000100010
000010111
000000111
000000010
000000111
000000111
000000011
000100010
000000101
000010001
000010101
000100000
000001001
000010001
000010101
000010010
000000111
000010001
000010101
000011110
000001101
000010011
000010111
000010100
000001011
000010000
000010001
000010111
000010011
000010100
000001111
000010000
000010011
000010011
000010111
000010110
000010101
000010000
000011101
111111111
000000000
000011001
000010001
000010101
000011100
000011011
000010011
000010111
000011100
000010111
000010000
000011101
111111111
000000000
000011001
000010001
000010101
000011100
000011001
000011001
000000011
000011100
000011011
000010011
000010111
000011100
000010111
000010000
000011101
111111111
000000000
000011001
000010101
000010001
000011100
000011011
000010111
000010011
000011100
000010111
000010000
000011101
111111111
000000000
000011001
000010101
000010001
000011100
000011001
000011001
000000011
000011100
000011011
000010111
000010011
000011100
000010111
000010000
000011001
000000001
000000000
000011011
000010011
000010111
000011100
000010111
000010000
000011001
000000001
000000000
000011011
000010111
000010011
000011100
000010111
000010000
000011011
000001001
000011001
000010110
000011001
000001001
000011001
000010010
000011101
000010000
000011011
000001011
000011011
000010110
000011101
000010000
000001001
000011001
000000001
000100010
000001011
000011011
000000001
000100010
000100001
000001101
000011001
000010100
000011111
000001101
000011001
000010010
000100011
000010000
000100001
000001111
000011011
000010100
000100011
000010000
000001101
000011001
000000001
000100010
000001111
000011011
000000001
000100010
000011101
001111111
000000000
000000011
000000111
000011101
000010100
000011101
001111011
000000000
000000001
000000101
000011101
000010100
000011101
010000101
000000000
000000001
000011101
000001001
000000100
000011101
010000111
000000000
000000001
000011101
000001011
000000100
000011101
010001001
000000000
000000001
000011101
000001101
000000100
000011101
010001011
000000000
000000001
000011101
000001111
000000100